<?xml version="1.0"?>
<opencv_storage>
<calibration_time>"09/05/16 16:35:45"</calibration_time>
<image_width>1280</image_width>
<image_height>1024</image_height>
<flags>0</flags>
<camera_matrix type_id="opencv-matrix">
  <rows>3</rows>
  <cols>3</cols>
  <dt>d</dt>
  <data>
    1.5159294729059079e+003 0. 6.2662291417356630e+002 0.
    1.5198878396105752e+003 5.5770763967706330e+002 0. 0. 1.</data></camera_matrix>
<distortion_coefficients type_id="opencv-matrix">
  <rows>1</rows>
  <cols>5</cols>
  <dt>d</dt>
  <data>
    -3.8509910418948936e-003 1.5285431204173883e-001
    1.1108394609086313e-002 -3.0542173267995533e-003
    -1.5708894840406928e-001</data></distortion_coefficients>
<avg_reprojection_error>2.0072482252386351e-001</avg_reprojection_error>
</opencv_storage>
